0.000423076923077
0.000352631578947
0.000534653465347
0.000946564885496
0.000224719101124
0.0
0.000193442622951
0.000135542168675
0.000411764705882
0.00138855421687
0.000376623376623
8.33333333333e-06
0.000168269230769
0.000714953271028
0.0042375
0.000260273972603
0.00048
0.000572874493927
0.000585185185185
0.0
4.06091370558e-05
0.00150961538462
0.000176470588235
9.09090909091e-05
0.000400722021661
0.000343949044586
0.00157225433526
0.000191011235955
0.000258426966292
0.000269230769231
0.000196078431373
0.000126506024096
0.00102645502646
0.000587301587302
0.00044578313253
0.000314977973568
0.000396341463415
0.00031067961165
0.000359788359788
0.000219758064516
0.0
0.000903225806452
0.000315625
0.0122962962963
0.0
