0.000519230769231
0.000263157894737
0.00039603960396
0.000656488549618
0.000292134831461
2e-05
0.000196721311475
0.000105421686747
0.000268730650155
0.000560240963855
0.000246753246753
0.0
0.000221153846154
0.00018691588785
0.000295833333333
0.000157534246575
0.00029
0.000378542510121
0.000281481481481
1.90476190476e-05
3.04568527919e-05
0.000711538461538
0.000217993079585
9.09090909091e-05
0.000220216606498
0.000175159235669
0.000323699421965
0.000157303370787
0.000213483146067
0.000211538461538
0.000117647058824
7.22891566265e-05
0.00179365079365
0.000293650793651
0.000289156626506
0.00070704845815
0.000353658536585
0.000281553398058
0.000243386243386
0.000197580645161
0.0
0.000467741935484
0.000178125
0.00648148148148
2.39520958084e-05
