0.00361538461538
0.00406315789474
0.00441584158416
0.00241603053435
0.00199775280899
0.0016
0.00179344262295
0.00641265060241
0.00266191950464
0.00344879518072
0.00302597402597
0.000183333333333
0.00211057692308
0.00483177570093
0.00181666666667
0.00284246575342
0.00312
0.00263967611336
0.00439259259259
8.57142857143e-05
0.00628934010152
0.00588942307692
0.00357785467128
0.001
0.00145848375451
0.00383121019108
0.00123699421965
0.0021797752809
0.00413108614232
0.00240384615385
0.0016862745098
0.00182530120482
0.00570899470899
0.00575396825397
0.00295180722892
0.00323348017621
0.00231097560976
0.00465048543689
0.00211111111111
0.0220080645161
0.0
0.00479838709677
0.001178125
0.0409259259259
0.000122754491018
