0.000405172413793
0.000586538461538
0.000571739130435
0.00248275862069
0.000289093298292
0.000377358490566
0.000320261437908
2.12765957447e-05
0.000254504504505
0.00047583081571
0.000439024390244
0.000389423076923
0.00039020979021
0.000116883116883
0.00125800711744
0.000239644970414
0.000393574297189
0.000817857142857
0.000605882352941
0.00107865168539
0.00031746031746
0.00010284463895
0.00554891304348
0.0
9.80392156863e-05
0.000231884057971
0.000160535117057
0.00223758278146
0.00459523809524
0.000344262295082
2.1164021164e-05
0.0042462562396
0.00121854304636
0.000875796178344
0.00195866141732
0.000608562691131
0.00245228215768
0.000188172043011
0.000273858921162
0.000501385041551
0.00065561694291
0.0
0.000496240601504
0.000647887323944
0.000147058823529
0.00149281314168
0.00281725888325
0.000268518518519
0.000465949820789
0.000241935483871
0.000586776859504
0.000311475409836
0.000242105263158
0.000299785867238
0.000488888888889
0.000525597269625
0.0
0.0001875
0.000831967213115
0.000774131274131
0.000683333333333
0.000192660550459
0.000402985074627
0.000372469635628
2.27272727273e-05
0.000462783171521
0.000319650067295
0.000329646017699
0.000114942528736
0.000492146596859
0.000352941176471
0.000449685534591
0.00109065934066
0.000413919413919
9.45945945946e-05
0.000250437828371
0.00472336065574
0.00102094240838
0.000508021390374
0.00138181818182
0.0
0.0004448
0.00201094890511
0.000279069767442
0.000745967741935
0.00115909090909
0.000616766467066
0.000427860696517
9.91501416431e-05
0.00045145631068
2.73473108478e-06
0.000483870967742
0.000333333333333
0.000204081632653
0.000450777202073
0.000290989660266
0.0
0.000136363636364
0.000283088235294
0.000440340909091
0.000439628482972
0.000950909090909
0.000721518987342
0.000348703170029
0.00109589041096
6.00706713781e-05
0.0010943877551
0.00105657237937
5.92592592593e-05
0.00724600638978
0.00114035087719
0.000444126074499
