0.00446444032158
0.00551807228916
0.00353846153846
0.00572384937238
0.00296575342466
0.000883248730964
0.0030652173913
0.00489375
0.00502325581395
0.0692900763359
0.0347037037037
0.0112659574468
4.16666666667e-05
0.0111346153846
0.0066261682243
0.05
0.0138695652174
0.00360553633218
0.00177272727273
0.00703684210526
0.00576699029126
0.00353024193548
0.00642379182156
0.0775
0.000742857142857
0.00282692307692
0.00433757961783
0.000188059701493
0.00735294117647
0.00407784431138
0.00086
0.00434415584416
0.00362019230769
0.00457303370787
0.0089710982659
0.0106377952756
0.00608558558559
0.00357111111111
0.00706896551724
0.00979
0.00338271604938
0.00553770491803
0.0856931216931
0.00653012048193
0.0050421686747
