0.000731601731602
0.0010813253012
0.00021978021978
0.000196652719665
0.000315068493151
0.00010152284264
0.000445652173913
0.00078125
0.000372093023256
0.0012786259542
0.0135555555556
0.000984042553191
0.0
0.000980769230769
0.000570093457944
0.000554455445545
0.00180193236715
0.000252595155709
0.000272727272727
0.000889473684211
0.00052427184466
0.000572580645161
0.000884758364312
0.0011746031746
0.000685714285714
0.000346153846154
0.00161464968153
1.49253731343e-05
0.000156862745098
0.000269461077844
0.0
0.00235714285714
0.000447115384615
0.000355805243446
0.00105780346821
0.000952755905512
0.000628378378378
0.000304444444444
0.00150101419878
0.00139
0.000530864197531
0.000603278688525
0.000444444444444
0.000710843373494
0.000280120481928
