0.00683611626469
0.0109307228916
0.00782142857143
0.0120669456067
0.00578767123288
0.00161421319797
0.00895289855072
0.003865625
0.0048488372093
0.0184618320611
0.0481481481481
0.0158936170213
4.16666666667e-05
0.0166153846154
0.0118504672897
0.0185940594059
0.0195458937198
0.0071937716263
0.00418181818182
0.00925789473684
0.0148058252427
0.00678326612903
0.0104423791822
0.0220158730159
0.00227619047619
0.00407692307692
0.00959872611465
0.000310447761194
0.00839215686275
0.008
0.0017
0.00785064935065
0.00555769230769
0.00377153558052
0.006
0.0129763779528
0.00943693693694
0.00405777777778
0.00893914807302
0.01263
0.00888888888889
0.00717704918033
0.0138677248677
0.00855421686747
0.00357228915663
