0.0500055658627
0.0512198795181
0.000714285714286
0.0385355648536
0.059102739726
0.000197969543147
0.0699347826087
0.08590625
0.107895348837
0.00412977099237
0.0748148148148
0.0968085106383
4.16666666667e-05
0.0713461538462
0.0885514018692
0.0368514851485
0.02538647343
0.169069204152
0.316818181818
0.0336421052632
0.0355436893204
0.0718881048387
0.0482527881041
0.0469047619048
0.519666666667
0.0650192307692
0.0647770700637
0.122474626866
0.281509803922
0.063377245509
0.20302
0.0484285714286
0.0608894230769
0.0642134831461
0.101861271676
0.0522283464567
0.133813063063
0.0767355555556
0.0246247464503
0.05862
0.037475308642
0.244140983607
0.0567619047619
0.106771084337
0.093828313253
