0.00172850958565
0.00223493975904
0.00121703296703
0.00357322175732
0.00137671232877
0.000157360406091
0.0105108695652
0.00088125
0.00138372093023
0.00335114503817
0.0332222222222
0.00414361702128
4.16666666667e-05
0.00228846153846
0.00369626168224
0.0060198019802
0.00463285024155
0.00141868512111
0.0025
0.0107105263158
0.00450485436893
0.00243044354839
0.00221189591078
0.0063253968254
0.000704761904762
0.00140384615385
0.00278025477707
9.25373134328e-05
0.0013137254902
0.00154491017964
0.00082
0.0016038961039
0.000995192307692
0.0020861423221
0.00287861271676
0.0127716535433
0.00291891891892
0.00150222222222
0.00313387423935
0.00208
0.00166666666667
0.00181639344262
0.00661375661376
0.00244578313253
0.00720180722892
