0.00335745207174
0.00989156626506
0.00323626373626
0.00319246861925
0.00209589041096
0.00133502538071
0.00400724637681
0.00146875
0.00168604651163
0.00443893129771
0.0328518518519
0.00428723404255
4.16666666667e-05
0.00834615384615
0.0062476635514
0.00366336633663
0.00551207729469
0.00504152249135
0.00204545454545
0.00177894736842
0.0103883495146
0.00206350806452
0.00261338289963
0.00261904761905
0.000704761904762
0.00184615384615
0.00786624203822
0.000128358208955
0.000725490196078
0.00537724550898
0.00082
0.00341558441558
0.00250961538462
0.0018202247191
0.00119653179191
0.00309448818898
0.0031036036036
0.00211333333333
0.00324137931034
0.00394
0.00768518518519
0.00158360655738
0.00396825396825
0.00222891566265
0.00117469879518
