0.0528033395176
0.0583795180723
0.000912087912088
0.0421046025105
0.0599863013699
0.00110152284264
0.0712391304348
0.086334375
0.111686046512
0.0638625954198
0.0873333333333
0.104303191489
4.16666666667e-05
0.0710769230769
0.0898691588785
0.0889306930693
0.0308115942029
0.169325259516
0.316772727273
0.0355842105263
0.0376699029126
0.0741693548387
0.0513643122677
0.129873015873
0.519666666667
0.0666538461538
0.0702038216561
0.122498507463
0.281803921569
0.0674371257485
0.20302
0.0494025974026
0.0630192307692
0.0660599250936
0.102439306358
0.0578188976378
0.134351351351
0.0786933333333
0.0271582150101
0.0605
0.0387345679012
0.244226229508
0.142693121693
0.106855421687
0.0952228915663
