0.0523753865182
0.0527228915663
0.000771978021978
0.0395313807531
0.0598698630137
0.001
0.070847826087
0.086496875
0.111348837209
0.00509541984733
0.0864814814815
0.102414893617
4.16666666667e-05
0.0713653846154
0.0888224299065
0.0348910891089
0.0281690821256
0.16930449827
0.316909090909
0.0351368421053
0.0365631067961
0.0738860887097
0.0506691449814
0.0501904761905
0.519666666667
0.0660576923077
0.0702866242038
0.122492537313
0.281843137255
0.0672574850299
0.20302
0.049538961039
0.0630528846154
0.0658239700375
0.101502890173
0.0572047244094
0.133941441441
0.0785622222222
0.0257464503043
0.05989
0.0385432098765
0.244209836066
0.0552328042328
0.106807228916
0.0958825301205
