0.00454792826221
0.00571686746988
0.00340384615385
0.00559414225941
0.00308904109589
0.000908629441624
0.00285869565217
0.0047875
0.00497674418605
0.0697633587786
0.0296666666667
0.0107659574468
8.33333333333e-06
0.0113076923077
0.00638785046729
0.0499702970297
0.013961352657
0.00357093425606
0.00245454545455
0.00707368421053
0.00576699029126
0.00343548387097
0.00618959107807
0.0785396825397
3.80952380952e-05
0.00253846153846
0.00423885350318
0.000838805970149
0.00713725490196
0.00397005988024
0.00098
0.00417532467532
0.00365865384615
0.00461423220974
0.00871098265896
0.0108031496063
0.000831081081081
0.00354
0.00739350912779
0.00978
0.00316666666667
0.0057606557377
0.0853015873016
0.00680722891566
0.00494578313253
