0.000763760049474
0.00101506024096
0.000230769230769
0.000297071129707
0.000445205479452
6.09137055838e-05
0.000420289855072
0.000703125
0.000313953488372
0.00129007633588
0.0126296296296
0.000914893617021
0.0
0.000923076923077
0.000616822429907
0.000376237623762
0.00192270531401
0.000318339100346
0.000409090909091
0.000805263157895
0.00052427184466
0.000430443548387
0.000810408921933
0.00103174603175
0.0
0.000480769230769
0.00167197452229
1.79104477612e-05
0.000392156862745
0.000275449101796
4e-05
0.00230519480519
0.000375
0.000367041198502
0.000982658959538
0.000992125984252
0.000596846846847
0.00026
0.00147464503043
0.0012
0.000456790123457
0.000711475409836
0.000486772486772
0.000722891566265
0.000204819277108
