0.0069635126778
0.0109608433735
0.00738736263736
0.0116945606695
0.00586301369863
0.00131472081218
0.00880434782609
0.00376875
0.00482558139535
0.0186679389313
0.0433703703704
0.0151914893617
8.33333333333e-06
0.0174423076923
0.0114299065421
0.018
0.0192753623188
0.00717301038062
0.0045
0.00932105263158
0.0148446601942
0.00679334677419
0.0104014869888
0.0220317460317
0.00146666666667
0.00396153846154
0.00930891719745
0.000934328358209
0.00843137254902
0.00805988023952
0.001
0.00758441558442
0.0054375
0.00391011235955
0.00584971098266
0.0129448818898
0.00137612612613
0.00382222222222
0.00929817444219
0.01252
0.00867283950617
0.00714754098361
0.013544973545
0.009
0.00348795180723
