0.00137538651824
0.00221987951807
0.00057967032967
0.00229288702929
0.000952054794521
0.000131979695431
0.000858695652174
0.000721875
0.00113953488372
0.00391221374046
0.0188888888889
0.00268617021277
8.33333333333e-06
0.00167307692308
0.00368224299065
0.004
0.0035652173913
0.00061937716263
0.000909090909091
0.00120526315789
0.00149514563107
0.00102721774194
0.00142007434944
0.00304761904762
2.85714285714e-05
0.000980769230769
0.000914012738854
0.000805970149254
0.001
0.000616766467066
8e-05
0.00103896103896
0.0006875
0.000977528089888
0.00264739884393
0.00154330708661
0.000731981981982
0.00123111111111
0.00165922920892
0.00127
0.00416666666667
0.00155737704918
0.00342857142857
0.00171084337349
0.00213855421687
