0.00182498453927
0.00228313253012
0.00106318681319
0.0033640167364
0.00149315068493
0.000131979695431
0.0101775362319
0.000871875
0.00124418604651
0.00347328244275
0.029037037037
0.00358510638298
8.33333333333e-06
0.00265384615385
0.0039953271028
0.00586138613861
0.00475845410628
0.00133564013841
0.00290909090909
0.0109105263158
0.00468932038835
0.00229435483871
0.00232713754647
0.00622222222222
9.52380952381e-06
0.00140384615385
0.00283439490446
0.000749253731343
0.00147058823529
0.0015748502994
8e-05
0.00151948051948
0.00104326923077
0.00201123595506
0.0028323699422
0.0127007874016
0.000621621621622
0.00133777777778
0.003369168357
0.00184
0.00158024691358
0.0019868852459
0.00657142857143
0.00257831325301
0.00715060240964
