0.00345825602968
0.00980120481928
0.0031456043956
0.00306276150628
0.0021095890411
0.00104060913706
0.00389855072464
0.00136875
0.00161627906977
0.00449236641221
0.0292222222222
0.00389361702128
8.33333333333e-06
0.00844230769231
0.00621028037383
0.00367326732673
0.0057922705314
0.00486505190311
0.00245454545455
0.00191052631579
0.0103495145631
0.00193649193548
0.00267286245353
0.00261111111111
9.52380952381e-06
0.00188461538462
0.00765286624204
0.000770149253731
0.000686274509804
0.00539520958084
8e-05
0.00323376623377
0.00240384615385
0.00187640449438
0.00112138728324
0.00313385826772
0.000664414414414
0.00198666666667
0.00337728194726
0.00421
0.00747530864198
0.00167213114754
0.00392063492063
0.00231325301205
0.00110843373494
