0.00564873222016
0.014186746988
0.000788461538462
0.00600836820084
0.00345205479452
0.00107614213198
0.00334420289855
0.00409375
0.00560465116279
0.0643511450382
0.0396296296296
0.0146914893617
8.33333333333e-06
0.00382692307692
0.0060046728972
0.0461188118812
0.00998550724638
0.00376816608997
0.00322727272727
0.00407368421053
0.00493203883495
0.00541129032258
0.00628252788104
0.0685396825397
0.00149523809524
0.00375
0.00843312101911
0.000967164179104
0.00250980392157
0.00953892215569
0.00182
0.00459090909091
0.00779326923077
0.00494007490637
0.0107687861272
0.0120078740157
0.00143918918919
0.00456
0.00525557809331
0.00513
0.00466049382716
0.00587213114754
0.0849259259259
0.00439759036145
0.00519879518072
