0.00502040816327
0.00644277108434
0.000612637362637
0.00334309623431
0.00274657534247
0.000984771573604
0.00254347826087
0.004003125
0.00494186046512
0.00460687022901
0.0374814814815
0.00973404255319
8.33333333333e-06
0.00401923076923
0.00326635514019
0.00244554455446
0.00704347826087
0.00279930795848
0.00263636363636
0.00316842105263
0.00372815533981
0.0051502016129
0.00493308550186
0.00516666666667
0.000838095238095
0.00284615384615
0.00909554140127
0.000916417910448
0.00221568627451
0.00895808383234
0.001
0.00425324675325
0.00717788461538
0.0042734082397
0.00560693641618
0.010842519685
0.000954954954955
0.00383333333333
0.0031845841785
0.00431
0.00413580246914
0.00517704918033
0.00296825396825
0.0035421686747
0.00699397590361
